z	mB	err_mB
0.50309	22.93445	0.015888602499999998
0.4948	22.8802	0.013841522500000002
0.67767	24.0377	0.04227136
0.8665	24.34685	0.0302238225
0.79857	24.3605	0.0303979225
0.37144	22.28785	0.01550025
0.35582	22.05915	0.015989602500000002
0.2836	21.40915	0.01056784
0.4664	23.21635	0.025185690000000004
0.94688	24.41155	0.026961640000000005
0.69315	23.79645	0.0597558025
0.89693	24.40275	0.027705602499999996
0.78904	24.2188	0.013421222499999998
0.59027	23.3354	0.02775556
0.21075	20.64495	0.011077562499999999
0.85852	24.1237	0.021844839999999997
0.55875	23.1648	0.01782225
0.9964	24.69965	0.01982464
0.58294	23.34385	0.01582564
0.79656	23.85445	0.02521744
0.91348	24.37895	0.0188650225
0.94846	24.66675	0.022816102499999998
0.73362	23.8481	0.0242580625
0.7656	24.10805	0.023994010000000003
0.98341	24.828	0.023409
0.70064	23.7492	0.030206440000000005
0.83814	24.1545	0.03265249
0.3706	22.1401	0.01466521
0.35858	21.95965	0.014065959999999999
0.52278	23.15915	0.0200647225
0.70198	23.7115	0.0689325025
0.74613	23.8056	0.027109622499999996
0.59185	23.2429	0.0159390625
0.62063	23.5114	0.012791610000000002
1.00279	25.0798	0.0366148225
0.61064	23.47615	0.017662409999999996
0.35833	21.9694	0.0130530625
0.45155	22.4159	0.0156625225
0.5526	22.98515	0.018023062500000003
0.75068	23.763	0.0366914025
0.82269	24.3356	0.021389062499999997
0.95076	24.68515	0.020981522500000002
0.34052	21.9463	0.011140802500000001
0.81072	24.0795	0.029087302500000002
0.61124	23.7392	0.025376489999999998
0.54831	22.8926	0.020678440000000003
1.02879	24.7289	0.025648022499999996
0.42244	22.35675	0.01420864
0.70115	23.90875	0.03258025
0.68517	23.844	0.05410276
0.93189	24.54795	0.023210522500000004
0.74909	23.81055	0.0333975625
0.4684	22.73255	0.0138886225
0.95886	24.80665	0.029739002499999997
0.84053	24.22255	0.02119936
0.56276	23.2428	0.0138180025
0.82854	24.39785	0.023286760000000004
0.57875	23.22495	0.0145564225
0.8645	24.3693	0.021389062499999997
0.85851	24.4442	0.027340622499999998
0.58575	23.5694	0.02007889
0.48881	22.8653	0.012904960000000002
0.68866	23.6132	0.023043239999999996
0.32454	21.79365	0.010455062499999999
0.18538	20.4558	0.0108264025
0.68196	23.59755	0.02202256
0.92223	24.355	0.029172640000000003
0.42866	22.751	0.016744359999999996
0.69998	23.95255	0.046354089999999994
0.57584	23.38495	0.019168402499999997
0.51176	23.11305	0.013572250000000001
0.64191	23.62155	0.027522809999999998
0.35157	22.2272	0.012904960000000002
0.34957	22.14445	0.0122434225
0.35527	22.23665	0.012769
0.87217	24.3402	0.017742240000000003
0.92624	24.7687	0.0119574225
0.41957	22.59095	0.0146289025
0.89073	24.1804	0.0198387225
0.48057	22.7752	0.01324801
0.5806	23.36785	0.02585664
0.80569	24.09575	0.02418025
0.66464	23.6337	0.025953209999999997
0.74566	24.00735	0.02331729
0.73669	23.77845	0.019572009999999997
0.37053	22.04575	0.012757702499999999
0.85073	24.31865	0.017004159999999997
0.21946	20.8469	0.01046529
0.64764	23.6259	0.02601769
0.6006	23.4022	0.023885702499999998
0.7607	23.92525	0.0224850025
0.47057	22.804	0.01490841
0.49737	22.9275	0.0174900625
0.50736	22.9705	0.01570009
0.58728	23.44375	0.0197543025
0.69915	23.77905	0.024445322499999998
0.76108	24.05415	0.025712122499999997
0.78805	24.1069	0.019085422499999997
0.40547	22.564	0.0121992025
0.80804	24.55735	0.026715902500000003
0.58328	23.6081	0.0167832025
0.72013	24.0226	0.037384222499999994
0.83699	24.3054	0.02036329
0.80603	24.2544	0.03374569
0.50074	23.0505	0.018482402499999998
0.53378	22.9345	0.027722250000000004
0.82212	24.1676	0.0343175625
0.12531	19.4684	0.010722602500000001
0.44368	22.57415	0.018198009999999997
0.68366	23.9441	0.08439024999999999
0.72668	23.90005	0.02650384
0.40455	22.44625	0.011556249999999999
0.69065	23.7527	0.0337640625
0.57661	23.2437	0.015104409999999999
0.72068	23.87645	0.041168409999999996
0.55031	23.16815	0.01560001
0.84797	24.3105	0.028815062500000006
0.43544	22.36675	0.011881
0.30158	21.64245	0.008817209999999999
0.58073	23.52355	0.018823839999999998
0.34593	22.11525	0.012321
0.33094	21.7829	0.011416922500000001
0.44956	22.78895	0.0199798225
0.29172	21.47215	0.0157126225
0.46127	22.62945	0.018975062500000004
0.63222	23.66065	0.0417998025
0.26862	21.1762	0.00986049
0.92491	24.7416	0.03697929
0.62522	23.46015	0.01697809
0.60825	23.3767	0.016027559999999996
0.57828	23.2373	0.019307102499999996
0.71963	23.82525	0.042312489999999994
0.7666	24.24705	0.025376489999999998
0.36791	22.24455	0.010383610000000001
0.84852	24.33175	0.022067102499999998
0.7766	24.0942	0.031808722500000004
0.58375	23.2686	0.0098307225
0.58873	23.30085	0.0169130025
0.76859	24.2078	0.0285103225
0.5138	23.12745	0.017662409999999996
0.63771	23.37	0.05424241
0.43487	22.5623	0.01311025
0.58375	23.46355	0.019670062500000005
0.66206	23.74875	0.03223820249999999
0.62189	23.4108	0.02650384
0.41664	22.5154	0.0138180025
0.45169	22.36265	0.01896129
0.73401	24.04855	0.057864302500000006
0.74202	24.26275	0.046289522500000006
0.34957	21.74	0.0144
0.51476	23.18845	0.01836025
0.64364	23.60755	0.03775249
0.47058	22.65205	0.0167055625
0.26349	21.15515	0.011642409999999999
0.7427	23.92255	0.0395413225
0.91075	24.6116	0.026781322499999996
0.33753	21.9137	0.011352902500000001
0.98377	24.92305	0.02070721
0.81369	24.26675	0.0198951025
0.81773	24.3431	0.0146047225
0.96075	24.5736	0.024869290000000002
0.75669	24.03965	0.02505889
0.87796	24.42165	0.020520562499999995
0.80902	24.20795	0.02782224
0.62723	23.4134	0.019044000000000002
0.93389	24.7653	0.04036081
0.69715	23.78265	0.026227802500000005
0.76706	24.3849	0.03188010249999999
0.86397	24.39625	0.023363122500000003
0.51434	22.98745	0.013747562499999998
0.47039	23.1005	0.019880999999999996
0.9279	24.7789	0.03345241
0.63071	23.4092	0.02050624
0.6157	23.56625	0.020534890000000004
0.56475	23.2891	0.018482402499999998
0.55775	23.2494	0.018198009999999997
0.73561	24.06925	0.0368832025
0.26199	21.15835	0.01170724
0.76159	23.97575	0.0238548025
0.85852	24.54425	0.0318444025
0.55875	23.6061	0.0229977225
0.48072	22.74835	0.012950439999999999
0.92224	24.57175	0.0350625625
0.47572	22.6952	0.011881
0.8932	24.5781	0.024869290000000002
0.6319	23.1617	0.031346702500000004
0.73602	24.02845	0.04443663999999999
0.41865	22.38625	0.01327104
0.53578	22.98355	0.016027559999999996
0.73501	24.09175	0.0317730625
0.60987	23.5447	0.022096822500000002
0.70198	23.8387	0.027142562500000002
0.9833	24.78095	0.020448999999999995
0.75905	24.0557	0.0229977225
0.64364	23.6045	0.040521690000000006
0.51559	23.02365	0.031046439999999998
0.80569	24.0139	0.01692601
0.8007	23.82255	0.025792359999999997
0.71565	23.84395	0.037733062500000004
0.76668	24.2307	0.032616360000000004
0.90173	24.5128	0.022831210000000005
0.71868	23.68915	0.0227859025
0.5796	23.1779	0.01432809
0.96074	24.80925	0.020320502500000004
0.64864	23.53665	0.025281
0.93675	24.4717	0.019740250000000004
0.46156	22.76265	0.012354322499999999
0.67065	23.78495	0.03150625
0.24649	21.16055	0.011674802499999998
0.63822	23.49005	0.033856
0.53532	23.06945	0.0122877225
0.77307	24.17605	0.031064062499999996
0.3705	22.15255	0.010878490000000001
0.69916	23.88895	0.029859840000000002
0.3735	22.11185	0.010795210000000001
0.85298	24.3052	0.022740639999999996
0.60326	23.58805	0.02042041
0.53433	22.9223	0.01661521
0.40048	22.2601	0.01324801
0.3715	22.20135	0.0115455025
0.83999	24.0253	0.023028062499999998
0.53278	23.059	0.012961822500000001
0.93225	24.704	0.0441630225
0.55381	23.2838	0.015425640000000001
0.84214	24.3261	0.03452164
0.72767	23.8687	0.0391446225
0.44255	22.67285	0.012927689999999999
0.28251	21.5746	0.01151329
0.51961	23.03865	0.011881
1.0608	24.6873	0.026945222499999998
0.26849	21.24725	0.01104601
0.2505	21.1763	0.01240996
0.69816	23.7924	0.04713240999999999
0.73012	23.7684	0.0365383225
0.99781	24.6122	0.00908209
0.40946	22.451	0.011870102500000002
0.12679	19.5429	0.014316122500000002
0.25577	21.3344	0.033051239999999996
0.08859	18.64345	0.011246602500000001
0.11782	19.19345	0.00982081
0.18356	20.2951	0.016486559999999997
0.14055	19.871	0.013537322499999999
0.15171	19.7933	0.010660562499999998
0.094	18.889	0.010578122499999999
0.28631	21.6827	0.02262016
0.26318	21.3576	0.0204347025
0.14167	19.79675	0.01096209
0.16053	19.9329	0.01336336
0.1229	19.3948	0.0136072225
0.1262	19.36855	0.012769
0.17331	20.15345	0.009850562500000002
0.16448	20.03175	0.011728889999999999
0.16018	19.92285	0.0121992025
0.24488	20.86815	0.016848039999999998
0.24805	20.98175	0.0180499225
0.27511	21.37075	0.024040502499999998
0.33015	21.9321	0.025249210000000005
0.3307	21.82885	0.021933610000000003
0.1604	19.98615	0.012001202499999999
0.21861	20.87005	0.0180499225
0.12005	19.36835	0.010424409999999999
0.17818	20.72835	0.016537959999999997
0.279	21.50115	0.0175960225
0.18562	20.48365	0.016848039999999998
0.06641	17.9881	0.01285956
0.25769	21.2775	0.020406122500000002
0.27946	21.2773	0.019544040000000002
0.2655	21.0609	0.01692601
0.18478	20.37525	0.011151359999999999
0.05715	17.65695	0.011491840000000001
0.32601	21.6733	0.02143296
0.10902	19.1721	0.010578122499999999
0.20299	20.7001	0.019099239999999996
0.37949	22.13745	0.019460250000000005
0.21198	20.68915	0.0151167025
0.21327	20.78295	0.018604959999999997
0.14393	19.83575	0.012769
0.25218	21.1678	0.025904902500000004
0.25641	21.2758	0.03059001
0.2186	20.976	0.028392250000000004
0.07883	18.5397	0.014896202500000002
0.08328	18.7438	0.0134676025
0.17008	20.2489	0.011448999999999999
0.23643	20.87655	0.020520562499999995
0.30538	21.3803	0.0390655225
0.08286	18.5179	0.01113025
0.18905	20.2039	0.01408969
0.08162	18.511	0.0108680625
0.25626	21.2564	0.026066102500000004
0.12631	19.58525	0.018184522499999998
0.1028	19.16175	0.020822490000000003
0.1244	19.4784	0.010120359999999998
0.37003	22.46065	0.026764959999999997
0.20192	20.38595	0.0131675625
0.18004	20.68245	0.020549222500000002
0.16163	20.1359	0.01687401
0.22644	20.8771	0.019880999999999996
0.29649	21.4449	0.020909160000000003
0.24999	21.20115	0.0177023025
0.14864	19.91815	0.011299690000000001
0.14711	19.776	0.010681222499999999
0.2149	21.20185	0.021992889999999998
0.14462	19.8106	0.0195021225
0.13226	19.9293	0.01776889
0.2195	21.00055	0.01811716
0.38447	22.40575	0.0223353025
0.1742	20.3461	0.01243225
0.17772	20.20345	0.014981759999999998
0.29911	21.51975	0.01692601
0.1187	19.44875	0.017929209999999998
0.17685	20.2397	0.011236
0.24526	21.3752	0.035419240000000005
0.1959	20.54825	0.0142444225
0.24832	21.09655	0.01758276
0.30617	21.77705	0.026033822499999998
0.24616	21.1569	0.0170433025
0.13527	19.9671	0.012882250000000001
0.21028	20.6402	0.01782225
0.23603	21.1547	0.015165922499999998
0.17831	20.37535	0.01285956
0.22043	20.81795	0.0238548025
0.31468	21.8201	0.024711840000000002
0.1846	20.55175	0.01249924
0.2611	21.2036	0.019223822499999998
0.18122	20.21145	0.0110986225
0.38003	22.03255	0.022680360000000004
0.1846	20.38765	0.01170724
0.20824	20.65465	0.0145805625
0.17746	20.33625	0.016653902499999998
0.31555	21.7168	0.023577602499999996
0.24954	21.1676	0.01555009
0.20324	20.6509	0.0142922025
0.12347	19.4198	0.010578122499999999
0.20314	20.64385	0.0144841225
0.15352	20.1226	0.0110145025
0.33398	21.9349	0.02534464
0.19582	20.5286	0.01324801
0.24943	21.0769	0.0208658025
0.1549	20.0251	0.011299690000000001
0.15625	19.98785	0.015863402500000002
0.15819	19.81685	0.0153140625
0.309	21.8114	0.0387499225
0.24828	21.1261	0.01926544
0.18484	20.31575	0.01525225
0.18353	20.5074	0.01555009
0.18212	20.37965	0.018947522499999998
0.17675	20.28545	0.016641
0.17748	20.0718	0.0146773225
0.0718	18.0121	0.015725160000000002
0.13796	19.66285	0.0109725625
0.16941	20.46515	0.01734489
0.24527	20.7198	0.021623702499999994
0.14406	19.81665	0.0109935225
0.25163	21.2338	0.021374439999999998
0.03743	16.7708	0.01359556
0.27716	21.8807	0.04223025
0.28712	21.2668	0.022230810000000004
0.19845	20.61015	0.019307102499999996
0.16031	20.07605	0.016641
0.21053	21.0136	0.022725562499999998
0.23753	21.0147	0.01731856
0.15499	20.14265	0.0139122025
0.0939	18.94955	0.0223353025
0.15253	20.08555	0.0128936025
0.25693	21.2741	0.020909160000000003
0.21231	20.80065	0.01697809
0.24583	20.88445	0.0171217225
0.13679	19.76485	0.0122655625
0.32529	21.9051	0.03272481
0.10643	19.09035	0.0104960025
0.4008	22.30585	0.025664040000000003
0.1891	20.4864	0.016991122499999997
0.19731	20.4352	0.012588839999999999
0.12783	19.5616	0.017424000000000002
0.12291	19.44025	0.01067089
0.12687	19.59325	0.010743322500000001
0.21311	20.67635	0.02042041
0.21075	20.727	0.016116302500000002
0.26826	21.4883	0.023332562499999997
0.20431	20.66435	0.0154629225
0.26991	21.2859	0.016116302500000002
0.24162	20.98075	0.023028062499999998
0.2908	21.236	0.0214476025
0.35306	21.81675	0.02295225
0.28509	21.60225	0.023823922499999997
0.21929	20.6719	0.023531560000000003
0.17537	20.24765	0.01560001
0.23517	20.9929	0.021257640000000005
0.15298	19.99965	0.012012160000000001
0.20982	20.90475	0.025090560000000005
0.29121	21.51945	0.022530010000000003
0.31353	21.8225	0.0223353025
0.13672	19.7402	0.012950439999999999
0.29532	21.7708	0.03705625
0.30369	21.49625	0.018225
0.20532	20.73155	0.01825201
0.12175	19.34125	0.0096138025
0.17424	20.2369	0.0121992025
0.24862	21.2028	0.019586002499999998
0.2453	21.1159	0.0198951025
0.13816	19.8495	0.013665610000000002
0.24288	21.02795	0.013806249999999999
0.24237	21.18455	0.023088802500000002
0.31437	21.3618	0.018769000000000004
0.2754	21.4485	0.023409
0.30004	21.4204	0.0252333225
0.21735	20.89395	0.024539222500000003
0.20311	20.5734	0.0157628025
0.19005	20.4061	0.02408704
0.29003	21.3714	0.023454922500000003
0.22796	20.83435	0.0226352025
0.31032	21.45975	0.024948202500000002
0.13712	20.12265	0.0130302225
0.08798	18.6796	0.01136356
0.08534	18.62285	0.01117249
0.19024	20.6486	0.013983062499999999
0.09278	18.8576	0.011881
0.12891	19.58985	0.0163712025
0.26136	21.1668	0.025074722499999997
0.26132	21.4559	0.031987322500000005
0.1957	20.61715	0.0167055625
0.14723	19.83975	0.014835240000000001
0.21154	21.14485	0.033051239999999996
0.17972	20.30175	0.0128255625
0.1907	20.6928	0.014220562499999999
0.3385	21.7897	0.02617924
0.11762	19.41925	0.0112254025
0.28854	21.5295	0.02686321
0.26377	21.2679	0.024633302500000002
0.24931	21.38165	0.01985281
0.22939	20.8794	0.016154409999999998
0.08575	18.608	0.010070122499999999
0.27631	21.62545	0.0363093025
0.36165	22.1744	0.02706025
0.30006	21.62535	0.027307562500000004
0.11659	19.38465	0.01073296
0.15474	19.83105	0.01092025
0.2501	21.2982	0.0174900625
0.25149	21.209	0.016027559999999996
0.12941	19.5471	0.011556249999999999
0.30894	21.72385	0.028662490000000002
0.29859	21.66705	0.02666689
0.27057	21.3419	0.028561000000000003
0.29318	21.57975	0.02064969
0.18988	20.46505	0.01404225
0.12368	19.4023	0.01044484
0.31262	21.63085	0.0204347025
0.3088	21.83605	0.0241025625
0.20244	20.60265	0.018947522499999998
0.21139	20.6247	0.01628176
0.1787	20.4025	0.01327104
0.30317	21.872	0.018947522499999998
0.21432	20.8217	0.01710864
0.32007	21.6956	0.018441640000000002
0.21791	20.9318	0.020235062499999998
0.07523	18.2988	0.0103734225
0.2574	21.37115	0.0225
0.18446	20.3647	0.017069422499999997
0.11639	19.29475	0.0103734225
0.06481	17.87655	0.01229881
0.10298	19.16045	0.010608999999999999
0.04437	16.92415	0.0143880025
0.16576	19.9345	0.0147744025
0.16799	20.0523	0.014859609999999999
0.17043	20.12375	0.020320502500000004
0.12029	19.52005	0.012757702499999999
0.13855	19.76995	0.01710864
0.23353	20.92065	0.02331729
0.24615	21.0223	0.0214476025
0.22259	21.0804	0.023901159999999998
0.17893	20.2809	0.015006249999999999
0.19694	20.5818	0.01361889
0.22889	20.99445	0.020606602500000005
0.26419	21.45355	0.027722250000000004
0.1034	19.10195	0.01014049
0.21313	20.73185	0.0151905625
0.1568	19.944	0.01218816
0.24317	21.24885	0.0239475625
0.23823	21.2481	0.020549222500000002
0.20827	20.70195	0.017397609999999997
0.25085	21.4064	0.027522809999999998
0.2251	20.861	0.0167832025
0.28707	21.45405	0.0204347025
0.32944	21.65335	0.0204347025
0.24575	21.128	0.015006249999999999
0.11981	19.65185	0.020163999999999998
0.32891	22.21015	0.043911202499999996
0.21037	20.57655	0.014472090000000002
0.20284	20.7349	0.01354896
0.28403	21.2982	0.0185913225
0.18046	20.13755	0.0111619225
0.26043	21.31275	0.023134410000000005
0.14774	19.8403	0.01046529
0.32753	21.80515	0.019196102500000003
0.24177	21.3452	0.024617610000000005
0.22308	20.93075	0.016409609999999998
0.18261	20.58185	0.01893376
0.15286	20.0024	0.0104960025
0.13806	19.70325	0.0104960025
0.2071	21.03995	0.0345030625
0.20291	20.64165	0.01461681
0.19777	20.49105	0.016641
0.2223	20.9356	0.019376639999999997
0.27307	21.30625	0.021039502500000005
0.18628	20.52515	0.012961822500000001
0.15933	19.83815	0.011109159999999998
0.21911	20.8854	0.01590121
0.17354	20.4812	0.01646089
0.2441	20.96025	0.02099601
0.13366	19.59395	0.010201000000000002
0.28313	21.4441	0.018482402499999998
0.17365	20.3284	0.018851290000000003
0.1963	20.70795	0.01874161
0.36924	22.26255	0.020520562499999995
0.20562	20.5658	0.0146289025
0.17371	20.28215	0.016040222500000003
0.12672	19.526	0.01203409
0.284	21.474	0.0229371025
0.19358	20.5958	0.01852321
0.10036	18.95705	0.012421102499999998
0.37386	22.3047	0.007293160000000001
0.11787	19.35185	0.0129163225
0.1919	20.5315	0.01971216
0.23657	21.01435	0.021315999999999998
0.15881	19.99615	0.01550025
0.07877	18.7576	0.0125552025
0.13847	19.99935	0.0177822225
0.23359	20.88475	0.023623690000000003
0.1567	20.02475	0.023978522499999995
0.08833	18.4809	0.013490822500000001
0.12995	19.79635	0.014798722499999998
0.18223	20.3359	0.0159390625
0.25654	21.13985	0.021918802499999997
0.21651	20.8123	0.018564062500000002
0.14519	19.90865	0.019572009999999997
0.13653	19.58645	0.01221025
0.20493	20.934	0.02458624
0.36939	22.04745	0.02427364
0.12924	19.61205	0.0118265625
0.26658	21.33225	0.021800522500000002
0.27805	21.3866	0.0193627225
0.17461	20.5056	0.01734489
0.11376	19.1271	0.0113955625
0.11229	19.38095	0.01052676
0.15333	19.8424	0.010951622500000001
0.1965	20.7379	0.019168402499999997
0.18914	20.88525	0.0166023225
0.17708	20.47675	0.01620529
0.21731	20.7809	0.0194463025
0.18542	20.33785	0.01646089
0.16382	20.0237	0.014196722500000002
0.2569	21.34695	0.027939122499999997
0.1218	19.58065	0.018076802499999996
0.16514	20.09405	0.0113742225
0.1984	20.6407	0.01734489
0.26828	21.39935	0.026455022499999998
0.40078	22.165	0.01817104
0.14566	19.6731	0.0162690025
0.05573	17.56165	0.0119137225
0.22425	21.16495	0.0235469025
0.28622	21.42305	0.024289222499999995
0.18365	20.55265	0.0200081025
0.1036	18.96075	0.011140802500000001
0.33096	22.03	0.0363093025
0.2184	20.76195	0.020022249999999995
0.26327	21.035	0.02292196
0.16267	20.2483	0.01697809
0.10689	19.2184	0.0109307025
0.16503	20.0849	0.013421222499999998
0.10757	19.24475	0.0118048225
0.12913	19.5083	0.01306449
0.05948	17.71775	0.0159390625
0.04093	17.0528	0.0136072225
0.01705	14.85645	0.03356224
0.01531	14.59755	0.02601769
0.01472	14.6158	0.022215902499999995
0.02673	15.97105	0.026130722499999995
0.01732	14.8718	0.025185690000000004
0.04437	16.72085	0.0392238025
0.01567	14.4307	0.0237314025
0.02477	15.6593	0.02951524
0.038	16.7664	0.0173844225
0.0299	16.2413	0.015129
0.01012	13.90745	0.039303062500000006
0.0258	16.1648	0.01893376
0.01038	14.0496	0.04194304
0.03791	16.5851	0.04004001
0.03507	16.45115	0.0281736225
0.01268	14.4486	0.029241000000000003
0.02525	15.82815	0.017675702500000005
0.01908	15.3534	0.0199233225
0.03489	16.36835	0.027788889999999997
0.0295	16.3438	0.0162180225
0.03416	16.57565	0.024429689999999997
0.04067	16.7928	0.012701289999999999
0.07515	17.8882	0.015575039999999998
0.05581	17.23215	0.015092122500000001
0.02529	15.7896	0.019740250000000004
0.03501	16.6581	0.015587522500000001
0.02846	16.0051	0.017969402500000002
0.0328	16.64085	0.0156875625
0.03378	16.38795	0.01968409
0.04597	17.2822	0.010506249999999998
0.04341	16.93145	0.01461681
0.05684	17.73355	0.014472090000000002
0.02024	15.2868	0.0162180225
0.03191	16.59205	0.0163200625
0.0415	16.9967	0.015850810000000003
0.02639	15.93305	0.019572009999999997
0.02651	16.06745	0.015575039999999998
0.02689	15.87545	0.015876
0.02349	15.6236	0.017902440000000002
0.05067	17.57225	0.024964
0.04093	16.7302	0.01682209
0.06877	18.16815	0.0122213025
0.01754	14.9841	0.01798281
0.02557	15.8607	0.022380160000000003
0.02189	15.53085	0.01907161
0.03155	16.1279	0.0199233225
0.06845	18.31035	0.015575039999999998
0.02249	15.56975	0.01934881
0.04949	17.32405	0.015737702500000002
0.03161	16.3736	0.0159390625
0.03434	16.61295	0.01560001
0.04486	17.2055	0.0218892025
0.01531	14.74935	0.023286760000000004
0.03048	16.25295	0.018009640000000004
0.03837	16.9021	0.0274068025
0.03682	16.77055	0.016014902499999997
0.0221	15.7795	0.018755302499999998
0.01402	14.64805	0.026227802500000005
0.0589	17.792	0.0129846025
0.05895	17.7707	0.0100902025
0.06888	18.1778	0.022816102499999998
0.0204	15.7067	0.024336
0.02894	16.02685	0.01731856
0.02384	15.7013	0.01782225
0.01451	14.89705	0.028106522499999998
0.03292	16.452	0.01404225
0.06455	17.78945	0.012904960000000002
0.01663	15.01385	0.0225750625
0.05359	17.4687	0.02070721
0.03163	16.21965	0.0142683025
0.02751	15.9978	0.016666809999999997
0.02559	15.5514	0.015850810000000003
0.02401	15.78645	0.015964322499999996
0.03713	16.56045	0.013853289999999999
0.03408	16.39975	0.015512702499999998
0.02454	15.6001	0.016332839999999998
0.01697	14.91335	0.023439610000000003
0.01629	15.17685	0.022846322500000002
0.03184	16.34225	0.0147015625
0.037	16.74885	0.0161925625
0.02932	15.8648	0.02122849
0.0174	15.26595	0.02205225
0.03578	16.59205	0.03101121
0.02845	16.04785	0.018604959999999997
0.05035	17.2903	0.0266832225
0.04269	16.93325	0.013689000000000002
0.03212	16.23615	0.02047761
0.02752	16.0669	0.020320502500000004
0.03049	16.28725	0.020135609999999998
0.01724	14.9294	0.024211359999999998
0.07063	18.05925	0.015104409999999999
0.05344	17.62205	0.019544040000000002
0.02878	16.10835	0.0147744025
0.03518	16.42245	0.023210522500000004
0.03348	16.4802	0.023210522500000004
0.04651	17.18185	0.013514062500000002
0.06119	17.9246	0.0141729025
0.04714	17.16275	0.015165922499999998
0.0212	15.4466	0.02064969
0.04028	16.8206	0.012848222500000001
0.03863	16.86145	0.01625625
0.03314	16.39225	0.0149206225
0.02414	15.68035	0.016666809999999997
0.02837	16.1044	0.0147744025
0.01043	13.9248	0.0401401225
0.02038	15.42955	0.0201214225
0.0471	16.9842	0.0209236225
0.03984	16.7074	0.013133159999999998
0.0122	14.4566	0.030171689999999998
0.01271	14.2811	0.03059001
0.01763	14.9354	0.02439844
0.02171	15.502	0.018536822499999998
0.01572	14.86115	0.03759721
0.01972	15.27645	0.024916622499999996
0.01678	14.92685	0.0253605625
0.01226	14.4674	0.0315595225
0.05322	17.57915	0.016396802499999998
0.03055	15.88935	0.20326572249999997
0.03001	16.1733	0.014460062499999999
0.01506	14.6193	0.0238548025
0.0153	14.6705	0.02119936
0.04713	17.1679	0.01324801
0.03411	16.515	0.01317904
0.0152	14.53545	0.026732250000000003
0.01504	14.69915	0.022230810000000004
0.02763	16.23455	0.013900410000000002
0.03359	16.59355	0.01125721
0.01447	14.6408	0.0274068025
0.02547	15.86575	0.015425640000000001
0.01082	14.0086	0.034021802500000003
0.01741	15.1	0.022440039999999998
0.02031	15.30565	0.01830609
0.04819	17.4344	0.0148230625
0.02223	15.3918	0.0174372025
0.02811	16.3465	0.015587522500000001
0.05458	17.4521	0.010363240000000001
0.05721	17.60445	0.011968359999999999
0.02091	15.36595	0.01871424
0.01454	14.99535	0.02742336
0.0431	16.97675	0.011416922500000001
0.03273	16.3843	0.014520249999999998
0.03399	16.35135	0.012332102499999999
0.01382	14.47835	0.023669822499999996
0.05092	17.42035	0.014981759999999998
0.01752	15.0558	0.02146225
0.02482	15.64995	0.018184522499999998
0.0288	16.09165	0.0185096025
0.01568	14.7589	0.02325625
0.02197	15.36745	0.02062096
0.03426	16.4701	0.014460062499999999
0.01698	14.6697	0.02427364
0.02752	16.23595	0.01798281
0.03438	16.6071	0.014653102500000001
0.01318	14.55605	0.029877122500000002
0.01726	14.9156	0.022831210000000005
0.01209	13.9791	0.03663395999999999
0.05418	17.3218	0.012961822500000001
0.0197	15.45455	0.024900839999999997
0.01662	14.6312	0.021623702499999994
0.02398	15.8239	0.0182925625
0.03144	16.31895	0.0145805625
0.01291	14.1903	0.02944656
0.03827	16.99715	0.01442401
0.01532	14.9486	0.0269124025
0.02643	15.91835	0.020306249999999998
0.0202	15.02285	0.0229977225
0.0373	16.8196	0.0132365025
0.02348	15.66265	0.019307102499999996
0.01635	14.8831	0.023043239999999996
0.02275	15.5348	0.018564062500000002
0.23027	21.0138	0.0214476025
0.38164	22.52675	0.0198387225
0.2534	21.09145	0.012645002499999999
0.15269	19.93715	0.013421222499999998
0.43673	22.84545	0.0201214225
0.10242	19.15365	0.011599290000000002
0.37164	22.12745	0.011331602500000001
0.46664	22.7822	0.0135606025
0.19602	20.50135	0.011881
0.31156	21.7417	0.0117180625
0.0322	16.472	0.01661521
0.10989	19.29245	0.0146047225
0.22562	20.723	0.0154380625
0.26051	21.22765	0.0150430225
0.22556	20.8629	0.015079840000000002
0.44758	22.59905	0.02322576
0.44007	22.85455	0.028645562500000003
0.33742	21.74045	0.021330602500000004
0.52851	22.8422	0.0204919225
0.57613	23.2359	0.0210685225
0.38775	22.3891	0.0252333225
0.36001	21.92755	0.01782225
0.34701	21.7912	0.019726202499999998
0.43927	22.56615	0.017424000000000002
0.34923	21.8575	0.013398062500000002
0.43015	22.5444	0.015737702500000002
0.50818	22.7793	0.0199798225
0.28845	21.4826	0.01577536
0.17281	20.49025	0.01710864
0.31774	21.8387	0.023134410000000005
0.27509	21.50715	0.019099239999999996
0.10293	18.90405	0.0151905625
0.20584	20.5539	0.024853522500000003
0.2646	21.2449	0.019293209999999998
0.23466	20.8644	0.038083522499999994
0.21434	20.73405	0.030084902499999996
0.42784	23.03515	0.029121422499999997
0.40214	22.2536	0.022201
0.32218	21.54775	0.019670062500000005
0.45173	22.72345	0.015537622499999999
0.16139	20.07365	0.014436022500000001
0.35161	22.05965	0.01340964
0.249	21.02715	0.013421222499999998
0.08223	18.52945	0.014957290000000002
0.10588	19.1167	0.010030022500000001
0.33293	22.0508	0.020664062499999997
0.10227	19.0531	0.012232360000000001
0.29282	21.4896	0.01825201
0.13269	19.53775	0.009880360000000001
0.27088	21.22425	0.0144
0.10044	19.0807	0.0119574225
0.35363	22.1458	0.021184802500000002
0.42353	22.599	0.07049025
0.30012	21.71085	0.0142444225
0.14761	19.88745	0.0129163225
0.22853	20.96525	0.016628102500000002
0.1388	19.82205	0.011491840000000001
0.14343	19.88005	0.0116964225
0.09201	18.9547	0.01297321
0.1568	20.1239	0.015737702500000002
0.23851	21.19555	0.061058409999999994
0.14949	20.15155	0.027805562500000002
0.50718	22.9937	0.01971216
0.25249	21.20755	0.0128255625
0.28397	21.3163	0.013133159999999998
0.2368	21.0224	0.015400810000000001
0.34092	21.88785	0.02205225
0.26388	21.064	0.020107240000000002
0.34872	22.1162	0.017728922499999997
0.32095	21.71485	0.01550025
0.13523	19.80745	0.01478656
0.30666	21.88165	0.026471290000000005
0.23362	21.21045	0.025568009999999995
0.30078	21.91835	0.02903616
0.36783	21.9904	0.015239902500000001
0.1694	20.2554	0.013087360000000001
0.07976	18.337	0.010639922500000001
0.1806	20.3864	0.013041639999999998
0.18071	20.34675	0.026978062500000004
0.23086	21.03315	0.0236390625
0.04582	17.29255	0.015450489999999999
0.22146	20.7853	0.01432809
0.20073	20.5274	0.0447111025
0.0755	18.378	0.014316122500000002
0.02627	15.98385	0.018550439999999998
0.19141	20.055	0.024071522500000005
0.1777	20.3552	0.0121771225
0.18542	20.5371	0.013665610000000002
0.34931	22.02925	0.019057802500000002
0.27131	21.30945	0.011631622500000001
0.29212	21.17535	0.01503076
0.37051	21.7944	0.012939062500000001
0.09641	18.8215	0.0218892025
0.18058	20.2752	0.01247689
0.27446	21.3734	0.02325625
0.2451	21.2589	0.02076481
0.36135	21.9082	0.041452960000000004
0.23152	20.92185	0.022470010000000002
0.14648	19.91105	0.012309902499999999
0.15948	20.18505	0.03150625
0.41929	22.4583	0.022215902499999995
0.31894	21.66595	0.024539222500000003
0.51941	22.97595	0.0384356025
0.15069	19.9375	0.0121
0.30249	21.6135	0.0250430625
0.21073	20.73865	0.02634129
0.23943	20.71895	0.021844839999999997
0.3318	21.7581	0.014412002500000002
0.20072	20.72485	0.025824490000000002
0.36082	22.1621	0.0202066225
0.24275	21.3408	0.014713690000000001
0.22146	20.82175	0.022245722500000002
0.12068	19.3688	0.036710559999999996
0.3416	21.88605	0.028645562500000003
0.25051	21.0268	0.017331722499999997
0.38054	22.1535	0.017082490000000002
0.31079	21.81735	0.019168402499999997
0.1994	20.3968	0.0200081025
0.24001	21.0934	0.02699449
0.50275	22.89585	0.043493102500000005
0.37013	22.10035	0.018441640000000002
0.27001	21.36745	0.018837562500000002
0.26312	21.391	0.01723969
0.26801	21.22475	0.027939122499999997
0.30801	21.95175	0.01397124
0.25001	21.3768	0.026406250000000003
0.28051	21.3787	0.0122213025
0.3148	21.9041	0.015587522500000001
0.3284	22.1329	0.027473062500000003
0.32944	21.9869	0.0141491025
0.25848	21.13905	0.0198387225
0.22448	20.6681	0.023669822499999996
0.21079	20.9208	0.01515361
0.38734	22.2944	0.0343175625
0.30642	21.6875	0.022290489999999996
0.36491	22.2065	0.020249290000000003
0.2488	21.1327	0.025472159999999997
0.2988	21.39335	0.026978062500000004
0.12365	19.5741	0.011728889999999999
0.33159	21.7689	0.01962801
0.38246	22.18595	0.03326976
0.24074	21.13115	0.0139122025
0.17144	20.2873	0.0299809225
0.2088	20.859	0.025969322499999996
0.2896	21.715	0.027192009999999996
0.24599	21.1466	0.014859609999999999
0.13659	19.76145	0.015141302500000002
0.15062	19.8557	0.0134676025
0.1187	19.26765	0.015475359999999999
0.24494	21.05305	0.015301690000000001
0.3507	21.9623	0.011502562499999999
0.61992	23.4834	0.01336336
0.21986	20.83145	0.0117180625
0.09929	19.1829	0.012023122499999999
0.40996	22.4668	0.042209702499999995
0.50276	22.81425	0.043347239999999995
0.38171	22.31495	0.020448999999999995
0.27989	21.2969	0.0129163225
0.23071	20.74845	0.023271502499999996
0.42693	22.5594	0.026471290000000005
0.55014	23.1391	0.020606602500000005
0.32531	21.96765	0.0198951025
0.35092	22.00245	0.01646089
0.32832	21.97245	0.0329604025
0.45059	22.4503	0.01731856
0.06441	18.09975	0.01177225
0.06559	17.91255	0.0160655625
0.31811	21.8116	0.015537622499999999
0.14539	20.2551	0.02972176
0.13947	19.7799	0.01274641
0.42967	22.75515	0.02331729
0.21641	20.59575	0.0133518025
0.36616	21.88675	0.03389281
0.38083	22.2063	0.019099239999999996
0.42086	22.47585	0.026390002500000002
0.19958	20.61175	0.023393702500000002
0.5109	22.8206	0.029946302500000004
0.42696	22.6189	0.023393702500000002
0.31579	21.9342	0.02316484
0.57824	23.2802	0.026373759999999996
0.48176	23.0166	0.023762222500000003
0.39267	22.18855	0.02521744
0.17359	20.08825	0.011728889999999999
0.33059	21.9984	0.01329409
0.29948	21.70345	0.026049959999999997
0.22943	20.95825	0.01990921
0.29291	21.54425	0.029172640000000003
0.20861	20.59295	0.0127125625
0.27509	21.2869	0.013490822500000001
0.30337	21.66825	0.014077822500000002
0.35902	22.19585	0.018009640000000004
0.3602	21.8702	0.025728159999999996
0.34902	21.98165	0.014957290000000002
0.63056	23.3169	0.0139122025
0.32092	22.0192	0.024009502500000002
0.51002	22.84675	0.01397124
0.36646	22.0067	0.015450489999999999
0.13823	19.7944	0.010774440000000001
0.1792	20.54675	0.022245722500000002
0.17157	20.22	0.013421222499999998
0.27047	21.2356	0.015425640000000001
0.34688	22.23255	0.06416089000000001
0.47942	22.6131	0.021403690000000003
0.31894	21.9169	0.018769000000000004
0.51879	22.9578	0.023043239999999996
0.3799	22.18215	0.01705636
0.37089	22.13805	0.0695640625
0.18152	20.474	0.0158130625
0.22374	20.75105	0.0149450625
0.14135	19.8422	0.0174900625
0.30567	21.68485	0.014436022500000001
0.40471	22.12805	0.023608322500000004
0.28578	21.43725	0.018441640000000002
0.30156	21.5859	0.018211502499999997
0.26388	21.2319	0.0167832025
0.50091	22.9717	0.03853369
0.30525	21.64295	0.01274641
0.38598	22.28245	0.015876
0.1986	20.6442	0.014957290000000002
0.09121	18.75805	0.01216609
0.47796	22.9261	0.027192009999999996
0.33159	21.831	0.013630562500000002
0.47175	22.70965	0.0225
0.33081	21.7726	0.0243204025
0.26088	21.3572	0.020235062499999998
0.07141	18.15745	0.01420864
0.18141	20.426	0.025376489999999998
0.33829	21.91315	0.022801
0.12211	19.37365	0.0132135025
0.25012	21.1135	0.0204919225
0.16046	20.16235	0.027889000000000004
0.29843	21.99485	0.025744202500000004
0.38887	22.11805	0.0198669025
0.29245	21.4687	0.027192009999999996
0.32841	21.6655	0.029739002499999997
0.30549	21.6995	0.0177023025
0.28546	21.46645	0.019460250000000005
0.42886	22.4792	0.021638410000000004
0.17967	20.481	0.028866009999999998
0.18959	20.50025	0.025760250000000002
0.24849	21.19025	0.021623702499999994
0.40927	22.48095	0.0362712025
0.24146	20.85675	0.016939022499999998
0.33748	21.8791	0.027639062500000002
0.0706	18.48435	0.08985006250000001
0.34546	21.9593	0.02643876
0.3306	21.98705	0.024382822500000005
0.05495	17.60185	0.013572250000000001
0.42359	22.37855	0.020306249999999998
0.1072	19.19495	0.01234321
0.2854	21.2265	0.015165922499999998
0.32553	21.91925	0.019154559999999998
0.33493	21.74575	0.01274641
0.2909	21.30595	0.0254562025
0.44058	22.4238	0.018755302499999998
0.24111	21.09055	0.01249924
0.46101	22.75035	0.0270109225
0.11944	19.33475	0.01550025
0.54539	23.34415	0.021374439999999998
0.41155	22.6089	0.01661521
0.26848	21.34225	0.0208369225
0.04976	17.35275	0.0182925625
0.41131	22.5817	0.023669822499999996
0.07369	18.2355	0.024523559999999996
0.31841	22.0816	0.044457722500000005
0.4193	22.16135	0.023104
0.42028	22.49015	0.05433561
0.43885	22.46285	0.0368064225
0.4804	22.68865	0.029670062499999997
0.1998	20.66375	0.018482402499999998
0.30143	21.81235	0.020880249999999996
0.2902	21.4412	0.0191407225
0.3092	21.58775	0.021374439999999998
0.2956	21.7291	0.015129
0.33848	21.88335	0.0193349025
0.3786	22.21555	0.021403690000000003
0.0896	18.72405	0.013653922499999999
0.4507	22.6586	0.0239475625
0.4604	22.8011	0.0216825625
1.206	25.73935	0.11235904
1.33	25.6034	0.02202256
1.54	25.9072	0.0443734225
1.55	26.00705	0.0344659225
1.7	26.0592	0.08020224000000001
1.8	26.2011	0.0353252025
2.26	26.877	0.06492304000000002
1.914	26.1609	0.06548481
1.3	25.52015	0.031951562499999996
1.34	25.4652	0.026634240000000003
1.02	24.88235	0.027456489999999997
0.735	23.70605	0.017956000000000003
1.12	25.0639	0.027192009999999996
1.23	25.28615	0.0366914025
1.23	25.4985	0.0291897225
0.854	24.3128	0.046031702499999994
1.37	25.5159	0.026308840000000003
0.9752	24.7061	0.0195580225
0.97	25.11545	0.06851306249999999
0.74	23.8446	0.015888602499999998
1.39	25.36305	0.040501562500000005
1.305	25.2642	0.055224999999999996
0.935	24.2666	0.027489640000000003
1.014	24.85445	0.05248681
1.315	25.54235	0.03948168999999999
1.092	24.63835	0.0697224025
